100 500
42 84
23 45
50 95
15 30
7 12
33 62
21 44
18 35
45 90
30 65
12 25
38 72
40 80
9 15
22 40
16 30
25 52
28 58
14 28
35 70
11 22
19 40
24 50
31 65
8 15
27 55
36 75
44 88
20 42
13 25
48 98
26 54
32 68
17 35
39 80
41 85
29 60
10 20
46 95
34 72
15 32
22 48
37 78
25 55
30 62
12 28
43 90
21 45
18 38
5 10
47 96
23 48
33 67
19 42
28 58
14 30
36 74
11 25
39 82
24 52
16 35
31 68
20 45
45 92
13 28
40 85
27 58
18 40
35 72
22 48
8 18
44 94
26 56
38 82
15 32
32 70
10 22
49 99
21 46
17 38
29 62
12 28
41 88
25 54
34 75
20 44
37 80
14 32
46 98
23 50
30 65
11 25
42 92
19 42
33 72
15 35
28 62
24 55
18 40
36 80