200 2500
45 12
80 35
22 14
95 40
14 8
55 22
68 28
30 15
100 45
73 30
40 18
85 38
12 5
60 25
90 42
35 16
50 20
75 32
25 10
88 36
62 26
18 9
47 21
92 39
15 7
58 24
82 34
28 13
105 48
70 29
38 17
86 37
10 4
65 27
94 41
32 14
52 23
78 33
24 11
89 36
42 19
77 31
20 10
98 44
16 8
56 25
66 28
34 16
110 50
72 30
19 8
51 22
74 31
36 17
102 46
69 29
41 18
87 38
13 6
61 26
91 40
33 15
53 23
76 32
26 12
96 41
63 27
21 10
48 20
93 39
17 7
59 24
83 35
29 13
106 47
71 29
39 18
84 37
11 5
64 26
97 42
31 14
49 21
79 33
27 12
81 34
43 19
80 33
23 11
101 46
20 9
54 23
67 28
37 16
109 49
75 31
46 19
89 37
22 10
60 25
95 41
35 15
57 24
78 32
28 12
99 43
65 27
24 11
50 21
94 40
19 8
62 26
85 35
31 14
108 48
73 30
41 18
86 37
14 6
67 28
98 42
34 15
52 22
81 34
30 13
83 35
45 20
82 34
25 11
103 47
22 10
56 24
69 29
39 17
111 50
77 32
48 20
91 38
24 11
62 26
97 42
37 16
59 25
80 33
30 13
101 44
67 28
26 12
52 22
96 41
21 9
64 27
87 36
33 15
110 49
75 31
43 19
88 38
16 7
69 29
100 43
36 16
54 23
83 35
32 14
85 36
47 21
84 35
27 12
105 48
24 11
58 25
71 30
41 18
113 51
79 33
50 21
93 39
26 12
64 27
99 43
39 17
61 26
82 34
32 14
103 45
69 29
28 13
54 23
98 42
23 10
66 28
89 37
35 16
112 50
77 32
45 20
90 39
18 8
71 30