1000 12000
173 45
115 32
179 42
67 75
62 48
93 58
30 82
132 68
125 84
31 55
151 9
121 67
35 89
128 58
103 14
18 28
59 71
10 17
181 51
131 99
101 75
55 46
39 87
21 55
71 86
68 51
78 35
18 65
133 12
163 79
118 49
120 46
191 62
117 97
87 71
122 8
174 73
98 71
86 58
42 92
150 71
169 86
38 41
188 92
23 23
116 98
62 90
24 94
169 22
191 12
141 85
155 54
115 63
32 48
185 91
61 11
27 97
191 97
63 36
144 50
64 84
36 56
195 48
106 78
130 77
120 52
179 74
70 32
139 81
151 64
23 50
117 81
21 53
102 22
34 63
96 44
177 97
142 24
30 86
59 53
174 83
144 7
55 37
66 5
185 70
184 47
98 38
87 30
107 23
181 11
118 85
114 8
27 25
42 61
149 67
152 72
26 61
15 76
67 29
164 98
160 68
89 53
14 96
134 38
140 65
114 16
151 18
11 36
160 53
183 80
57 15
82 14
34 14
89 35
172 9
31 34
106 55
141 34
104 6
48 46
126 39
129 62
20 54
82 88
157 35
152 80
196 90
125 65
11 83
79 91
102 36
96 64
139 38
102 29
45 52
82 84
100 94
81 70
176 59
125 7
173 22
130 7
104 18
119 65
104 69
138 67
107 6
96 83
69 55
171 72
11 84
90 85
102 72
174 22
58 94
58 14
139 98
166 69
136 8
134 90
195 96
143 81
90 50
49 11
194 5
126 65
33 31
10 94
168 89
172 93
185 8
198 86
150 77
197 91
77 27
39 82
188 84
138 43
113 20
18 79
131 47
30 17
35 35
149 75
177 45
51 70
179 56
168 18
141 83
162 89
23 21
26 88
190 58
66 14
194 15
137 71
96 89
39 87
47 15
71 8
191 15
157 53
197 75
163 80
43 86
137 99
190 30
50 81
110 23
102 94
67 58
175 41
129 40
109 51
64 50
138 48
183 85
58 76
49 67
83 33
47 98
110 93
43 92
38 38
46 73
153 76
94 12
102 79
129 48
15 18
60 39
187 97
136 66
154 76
104 17
154 72
165 13
41 72
29 95
125 86
72 82
196 71
180 58
125 81
167 35
134 46
23 7
19 45
41 41
86 47
48 63
91 44
68 66
94 19
75 35
80 66
61 41
40 91
43 94
51 44
71 66
174 76
134 58
79 19
28 33
27 98
76 10
67 25
133 40
84 42
97 73
122 20
89 51
111 61
167 78
167 92
66 63
27 72
118 44
75 76
180 90
79 64
67 13
103 35
20 28
169 28
171 26
128 46
174 78
49 64
71 65
190 45
68 69
32 75
174 50
174 98
183 23
35 31
142 82
74 11
14 99
88 19
103 57
69 70
23 70
52 72
82 53
38 19
138 12
183 33
17 62
154 94
191 87
81 19
133 33
20 53
22 30
166 54
192 6
151 39
107 65
174 46
20 42
55 25
83 56
180 90
117 54
194 60
93 53
121 36
56 35
34 71
144 27
71 45
146 82
182 74
139 92
100 84
76 89
102 57
164 13
16 65
149 83
174 86
92 65
81 26
179 92
31 87
50 18
65 65
26 90
57 69
108 42
59 9
55 17
160 48
157 42
25 86
118 61
185 33
162 98
59 64
24 60
151 63
43 67
105 41
153 69
77 5
140 86
99 49
199 6
172 49
37 91
177 99
61 94
180 10
120 34
165 90
81 51
69 52
84 23
102 58
164 88
197 90
142 27
35 95
99 56
50 72
40 59
83 82
74 62
82 85
99 31
175 16
160 58
154 55
76 11
40 54
99 95
182 83
90 73
142 62
157 84
42 95
178 43
118 98
155 43
36 21
193 75
33 21
148 64
48 72
157 25
116 30
87 95
123 81
199 64
88 86
43 87
106 93
152 37
80 74
106 86
150 81
12 13
76 94
152 37
91 50
101 74
41 82
162 46
179 69
172 68
66 31
54 94
12 16
123 82
164 88
135 42
31 78
157 19
57 78
19 41
82 85
92 80
51 74
73 6
112 61
99 20
86 63
158 34
190 90
128 58
106 52
75 51
39 51
190 58
46 71
198 24
198 71
10 74
59 30
124 97
130 97
187 23
12 78
162 27
30 51
83 86
149 33
100 58
10 44
59 23
96 41
48 59
145 98
119 21
166 7
110 84
118 10
83 80
100 70
111 55
183 24
193 90
34 44
184 25
61 86
36 62
14 77
199 8
170 53
104 88
107 42
155 23
130 71
78 79
52 49
39 35
103 36
75 49
183 81
46 18
98 13
105 75
88 45
38 6
183 47
34 30
85 75
78 64
138 54
31 30
76 17
23 99
132 80
114 18
155 90
71 17
160 17
49 20
88 47
86 66
120 36
120 31
145 86
197 37
198 53
46 21
73 92
100 45
162 40
114 8
65 6
66 77
113 45
78 45
181 87
21 46
13 57
118 49
51 26
100 89
14 70
98 20
110 38
10 79
158 94
80 43
113 48
97 50
127 18
96 14
36 49
171 87
121 64
91 87
128 9
28 76
60 75
119 18
93 94
59 87
197 33
154 31
65 88
117 94
104 80
81 55
77 36
180 47
79 25
170 38
32 66
35 86
116 57
139 80
34 47
123 65
68 65
186 83
133 89
23 30
108 40
81 78
39 8
62 57
17 62
120 70
81 54
124 63
129 84
65 42
41 33
193 40
62 8
189 62
74 94
97 99
178 34
168 9
106 21
129 61
142 18
80 32
191 39
43 76
54 58
111 34
181 12
68 9
192 22
191 79
64 44
196 16
62 87
30 91
160 63
71 36
98 29
25 40
28 31
61 48
131 66
146 89
177 49
37 51
127 48
56 26
56 89
170 5
72 74
180 43
179 31
197 58
18 39
32 41
115 96
177 32
36 47
197 75
130 38
178 86
173 31
172 30
138 62
126 11
170 46
42 97
175 99
50 22
41 12
77 74
50 91
22 87
31 20
168 94
79 41
85 94
18 15
12 13
66 11
114 24
33 16
40 21
199 13
190 48
122 76
100 81
109 8
118 95
134 47
189 81
57 90
16 81
60 30
139 11
176 87
27 52
198 88
67 52
77 92
54 43
165 39
51 67
39 93
63 27
127 63
80 54
100 71
84 70
81 93
81 57
192 43
153 94
170 25
195 15
72 55
184 84
175 99
15 87
146 9
24 24
65 42
36 34
10 46
22 72
158 16
145 23
165 32
51 17
132 77
131 8
127 14
80 98
114 94
14 69
197 92
104 11
57 19
80 83
100 69
143 38
137 66
43 35
156 53
56 61
137 25
41 94
155 50
44 80
132 30
31 63
74 47
21 45
57 83
154 95
74 88
26 89
103 78
126 43
54 51
79 6
149 85
24 85
168 34
106 55
78 21
80 11
22 73
157 81
44 64
176 26
113 71
15 30
55 50
116 54
139 14
27 89
139 6
11 23
75 58
80 68
27 21
192 32
157 30
102 43
84 29
165 72
160 41
48 76
55 61
146 75
61 45
40 14
127 19
92 8
124 97
138 90
45 22
116 97
65 12
31 37
165 53
77 22
63 36
16 25
38 76
149 75
52 88
125 89
30 94
169 31
179 56
115 56
116 93
52 75
162 55
135 82
153 13
40 10
73 76
76 6
195 58
81 33
173 21
166 82
15 17
15 6
21 49
79 38
186 68
127 18
47 11
88 55
156 15
29 8
122 26
90 74
102 70
58 20
76 78
105 56
133 7
98 38
87 26
119 36
53 58
55 80
26 91
81 36
80 27
102 55
111 78
108 82
175 52
20 95
128 80
64 88
60 63
162 94
146 75
111 76
162 83
159 84
81 54
70 40
40 48
37 12
133 75
194 82
39 97
51 95
125 70
36 56
144 87
106 50
135 6
156 15
107 8
180 61
110 70
96 7
32 57
161 87
68 33
68 53
54 47
119 73
81 40
68 93
149 96
159 41
97 50
163 37
48 67
19 91
64 51
163 28
80 66
127 73
110 67
69 53
161 95
23 26
108 46
37 45
20 50
104 19
118 90
123 68
142 63
108 23
102 87
52 42
146 64
111 40
91 88
199 47
131 61
13 81
60 74
141 72
184 83
181 22
194 10
35 26
70 15
119 71
118 6
93 70
80 76
171 5
41 37
22 32
172 75
11 70
37 59
191 76
123 38
172 44
57 91
132 97
137 20
50 92
19 80
137 47
178 88
175 71
99 30
76 96
91 13
97 35
156 64
113 96
105 47
84 38
149 37
174 87
30 77
38 42
67 20
14 5
171 66
197 7
68 21
93 66
38 74
156 43
168 72
117 74
29 41
161 92
52 65
31 96
125 98
32 92
35 75
184 8
100 45
182 46
105 28
86 9
168 87
123 51
47 72
129 39
39 92
178 24
75 71
62 47
197 11
109 66
50 86
40 29
53 38
118 18
132 25
186 39
102 29
64 78
54 51
44 69
104 28
120 26
72 96
27 15
114 42
52 74
81 27
79 77
171 15
57 79
11 13
166 53
186 83
156 19
37 14
80 82
62 41